1)

2)

3)

4)

5)  LVL     Time
    0       275.69999999999993
    1       278.7
    4       386.1000000000002
    5       276.7

6)  LVL     Time (4Discs)           Time (8Discs)           Time (12Discs)
    0       275.69999999999993      156.49999999999994      116.1
    1       278.7                   167.79999999999995      126.09999999999997
    4       386.1000000000002       164.99999999999994      109.19999999999999
    5       276.7                   158.59999999999997      118.09999999999998

7)  LVL     Time (4Discs)           Time (8Discs)           Time (12Discs)
    0       275.69999999999993      156.49999999999994      116.1
    1       278.7                   275.69999999999993      181.59999999999997
    4       386.1000000000002       937.8000000000014       900.7000000000013
    5       276.7                   290.9                   224.2999999999999

8)  LVL     Time (4Discs)
    0       12.499999999999991
    1       14.999999999999982
    4       13.399999999999988
    5       13.399999999999988
